1.700990443694871956e-03 4.070008245695974081e-01
4.533306393680496260e-01 1.182748421597978883e-02
7.174914706234214457e-03 3.745893460271558784e-01
4.626010461601943735e-01 8.285258461021238752e-03
2.158111662557685717e-01 1.119860419938859541e-01
1.493335278289709134e-02 3.468017790998197958e-01
3.682880805488801812e-01 3.456750823818111051e-02
4.287243338489052924e-01 1.651330155344765682e-02
3.371496852087160212e-01 4.481157840283400695e-02
3.906131121013721730e-01 2.728524033573398455e-02
1.352352647002368347e-01 1.726736591241389007e-01
2.994308148367301747e-01 6.148659123085264966e-02
3.525543649004695412e-01 4.068401827694956285e-02
2.625214098767127968e-01 8.050139881552498267e-02
1.377086835235228346e-01 1.692521647961976461e-01
1.248371577597890969e-01 1.813534880403433469e-01
2.267665651290973194e-01 1.017011937809704225e-01
2.778753375792780700e-01 7.489398804252722641e-02
8.172765560580796951e-02 2.285850729876351961e-01
1.363333680414458016e-01 1.705250579865278393e-01
9.264068497890742826e-02 2.153239892598536320e-01
1.980063439142503157e-01 1.208794873416895177e-01
2.419273195646212127e-01 9.542380817917794911e-02
1.954536153552174360e-01 1.227510782828423741e-01
1.750555841951576541e-01 1.384732538228061749e-01
1.048091083747944019e-01 2.017629188458702760e-01
1.820667186638219581e-01 1.325286024831344722e-01
1.584461525476196231e-01 1.531831482794444588e-01
1.277991458883956932e-01 1.788204512440806360e-01
2.063661701953278804e-01 1.150807334371012347e-01
1.654989582568641149e-01 1.460126745456375996e-01
1.800615352601343533e-01 1.344719099589010147e-01
1.155668299622039097e-01 1.905348137278726206e-01
1.359464696040155740e-01 1.708767192163017645e-01
2.057373248874286853e-01 1.154868875066467071e-01
1.318701546403757696e-01 1.749090091875384889e-01
1.841788833101417611e-01 1.313877903299319749e-01
1.972307366753052182e-01 1.216065178054411833e-01
1.970070671453547639e-01 1.223760346977175173e-01
2.036933207564614046e-01 1.176716647079905087e-01
1.045719736223116314e-01 2.024739217263595847e-01
1.260331253314667110e-01 1.803260530038338638e-01
2.160510247771457726e-01 1.085870308282417263e-01
1.785644627088672776e-01 1.371004560084303492e-01
2.004070111790288156e-01 1.191840707312059600e-01
1.707860345703645644e-01 1.424897499702031389e-01
1.001270075788466274e-01 2.068720375667010281e-01
1.907261685162716658e-01 1.261850106825812556e-01
1.085369146384776995e-01 1.979526184354212237e-01
8.793642225596731699e-02 2.209360379686728937e-01
2.103682751771802639e-01 1.124405906235260710e-01
1.048457251370215060e-01 2.017233294358861118e-01
1.010909325445824569e-01 2.061579659085310823e-01
1.480241879571503327e-01 1.603552305370062880e-01
1.244077234054004055e-01 1.822853889284933304e-01
9.886937756838387603e-02 2.083462863517976382e-01
5.023445790781311260e-02 2.726295660420233746e-01
1.724723802031018494e-01 1.415583937576652129e-01
2.093136481406711047e-01 1.134875871555384164e-01
9.102086781559093343e-02 2.173045947371855524e-01
4.538843824335880850e-02 2.806350239334879371e-01
2.718817670368909312e-01 7.686853965582496340e-02
1.435577211141253473e-01 1.641083975362843672e-01
1.930069351729002403e-01 1.252688212092590847e-01
9.999890213584461396e-02 2.072947554568248529e-01
8.066700114314495629e-02 2.296740726061314852e-01
2.359809722910927166e-01 9.764606601484737691e-02
1.307557972065827023e-01 1.757985011777900564e-01
1.606599742238439266e-01 1.503319229738480090e-01
1.287605573978087836e-01 1.775771857483696703e-01
8.238394291388384527e-02 2.280393504295237239e-01
8.903730430741829682e-02 2.195217924735947124e-01
9.448320524472575421e-02 2.132139087528948096e-01
1.264004176716914118e-01 1.798703455034278420e-01
6.414729106912786527e-02 2.517497585363125401e-01
9.136700168698375091e-02 2.171854443761129794e-01
1.306187520347774633e-01 1.765858989750874741e-01
1.327936170785950498e-01 1.746818066025137561e-01
7.400534080495146938e-02 2.381900145564611604e-01
5.057591906380520808e-02 2.722704051363568079e-01
1.494178551850150471e-01 1.591486496612055657e-01
6.850331396458064770e-02 2.461921984952758491e-01
7.479085731438872564e-02 2.372371157595678515e-01
6.689684575498622277e-02 2.478346004586234885e-01
5.349657369962812492e-02 2.676370139124717440e-01
8.960556236933481244e-02 2.188762849106348218e-01
5.930009634744537461e-02 2.590009431967992271e-01
6.210890191417950401e-02 2.544907873700980039e-01
9.739595255242239347e-02 2.103834109252852302e-01
6.702525943433224054e-02 2.478275397732853103e-01
8.555063529840900571e-02 2.236816004791408741e-01
1.446894877271266422e-01 1.630265977464927518e-01
7.449230825431529812e-02 2.381383109805715881e-01
2.770013280176664150e-02 3.143159915520142844e-01
7.240169230163928660e-02 2.408383322595204490e-01
1.028951343848195643e-01 2.042631460705698343e-01
1.328225602423137586e-01 1.745865090757254823e-01
2.531355867424367467e-02 3.196505124415554011e-01
7.652943192433392383e-02 2.350658203466681195e-01
3.589743375093046307e-02 2.977716271772720136e-01
1.151234582140424623e-01 1.910056472922816440e-01
1.718542510464926565e-02 3.400456863847975963e-01
8.205417155913130589e-02 2.280860036470659935e-01
3.152037868969959078e-02 3.064473876423570164e-01
1.405717861623264620e-01 1.670049104594487632e-01
5.515360632586685519e-02 2.648376263862619595e-01
5.692067996052685430e-02 2.626716952387688764e-01
1.168486959512763379e-01 1.892336552090785329e-01
5.716860896212561105e-02 2.618672227153561183e-01
7.747485902538919778e-02 2.337147082504521522e-01
2.463959721553921067e-02 3.219482772831073758e-01
3.366607069801286212e-02 3.021708245499190593e-01
4.083588603536392192e-02 2.886268117028834013e-01
1.261401337247411991e-01 1.802320096146808881e-01
2.019555096274017192e-02 3.333860843379093941e-01
2.992006083939457994e-02 3.098280002431126334e-01
5.953377908115908834e-02 2.586837442601256365e-01
9.158651212353852156e-02 2.165700038937989902e-01
5.846099600539600427e-02 2.601237979552518675e-01
2.885852490246054725e-02 3.119606909709925491e-01
2.136038138135443187e-02 3.317456960759834761e-01
1.226851540112363637e-01 1.834395126756376282e-01
2.728914750485766927e-02 3.152179628204229145e-01
5.131800867552105405e-02 2.709375640568866261e-01
7.583850697834315646e-02 2.358580702051006339e-01
1.722300640193817900e-01 1.420475863201426936e-01
7.298613576895018884e-02 2.398893132524649863e-01
7.370417198450540663e-02 2.385804166629290624e-01
4.505205674454049181e-02 2.811031105086131410e-01
1.162311088503720224e-01 1.903649709290275993e-01
7.931505077992373476e-02 2.314213057855175615e-01
1.009165766999414737e-01 2.063155113130455964e-01
6.792253577117035590e-02 2.463654138548551087e-01
1.378700877506352507e-01 1.691833023505714406e-01
5.979818086211163841e-02 2.578556419142563616e-01
3.462908553234522735e-02 3.001817369598933638e-01
7.393439793382239333e-02 2.382941450488703650e-01
1.214677828661975267e-01 1.846812151832311066e-01
1.338919993240040851e-01 1.731557090303933455e-01
4.316912356831315023e-02 2.844393469561579124e-01
2.472475799673734542e-02 3.210065549846041755e-01
7.637141363656196891e-02 2.351597628425389219e-01
6.537643734099307657e-02 2.498478669063423085e-01
1.042678956901629261e-01 2.029183207963786151e-01
6.534679716080293854e-02 2.503581722999577153e-01
3.446178641270181142e-02 3.006663540540904789e-01
7.002528288057208172e-02 2.437991242911778933e-01
6.945082903604105073e-02 2.444378592985855247e-01
9.153910090633876617e-02 2.166532840951382877e-01
1.256744759240745468e-01 1.805757577809744552e-01
3.023973259876777675e-02 3.089737340878158101e-01
5.751669620843102848e-02 2.615562472731706167e-01
5.973619937514440537e-02 2.579276307016953318e-01
9.524716814590761249e-02 2.123448786068686811e-01
3.079740953497311917e-02 3.077407801540372745e-01
1.330325899928008759e-01 1.741466279085803759e-01
1.094161294848027266e-01 1.969566112136864611e-01
9.090728435583550482e-02 2.173303877092805925e-01
4.456793682400694845e-02 2.819155831384438926e-01
2.639490500124441752e-02 3.172532660612847888e-01
7.984247619429551968e-02 2.308031774454105678e-01
6.934250187352042349e-02 2.446194545795576936e-01
5.409605102415193656e-02 2.669610042386856286e-01
1.096901989485413731e-01 1.968144396018955966e-01
2.940235015056225087e-02 3.108324147374640356e-01
3.099172811906159009e-02 3.073597982344066226e-01
8.525452801096256028e-02 2.249671235089979460e-01
8.430746523283094707e-02 2.251939584730521249e-01
7.743631827868657780e-02 2.337548174392261036e-01
3.380240530761702278e-02 3.016639542605169533e-01
2.878667718418437271e-02 3.119924428771574387e-01
1.267457210864794126e-01 1.797489037997762606e-01
5.494607624711644878e-02 2.651597026388782252e-01
3.114056667529008227e-02 3.071056697493956822e-01
3.402747079575885181e-02 3.014536294743951350e-01
6.314359522456858276e-02 2.530003468234340858e-01
1.239367524197562132e-01 1.823842697790570844e-01
9.070198793265649151e-02 2.178787583733290401e-01
4.907117528551718788e-02 2.744239363348639493e-01
8.347283488645329541e-02 2.262119115794698487e-01
8.531017750610947470e-02 2.240307759133356447e-01
4.163505935831146587e-02 2.872242718296269537e-01
7.609405853671202813e-02 2.355711711053283253e-01
1.330688417876657592e-01 1.739777957493209293e-01
1.271798115201494550e-01 1.791118360608500160e-01
6.281845637820848705e-02 2.535527346268062754e-01
9.973188294497559170e-02 2.074889276774288804e-01
8.926808912300820964e-02 2.192475663700937938e-01
3.427046480328066469e-02 3.007849643126413453e-01
2.581262723312427454e-02 3.185617962010531823e-01
1.441482987117970183e-02 3.484635503259826406e-01
2.404565214508502802e-02 3.226928254096864679e-01
2.139330769957303868e-02 3.291052585151698073e-01
6.957057004399713751e-02 2.441008264900281777e-01
5.871382677248004889e-02 2.595802719222366495e-01
4.508819706251221415e-02 2.810384045823556276e-01
6.909140610479258537e-02 2.447485395105185590e-01
2.282008444439764805e-02 3.260026246095962810e-01
8.059620107114617849e-02 2.302277073474567892e-01
5.233683629542662530e-02 2.692851981379186244e-01
5.625924913468371980e-02 2.632270012998634279e-01
2.188629319080559466e-02 3.281706656067028272e-01
3.555912823950024837e-02 2.982517587341296794e-01
7.975696893169359480e-02 2.309176931079410799e-01
1.014137017076000014e-01 2.060124328969773488e-01
5.083803885282223156e-02 2.716185303379371474e-01
7.724474143288895256e-02 2.341645789264499289e-01
2.257126189679325989e-02 3.261578008878581736e-01
3.327026254635412350e-02 3.027381993804193483e-01
8.777790294542597849e-02 2.212207592874133599e-01
8.340103610341220719e-02 2.267352543430262157e-01
3.643425032572034095e-02 2.965750895182187596e-01
5.515877934233548441e-02 2.648135573041957569e-01
3.624945786136180015e-02 2.970227491501746808e-01
1.294728427421830697e-01 1.769017677522031207e-01
4.446626162134992288e-02 2.820894779949747466e-01
1.235302579223664932e-01 1.828163792451905634e-01
8.640461755750339368e-02 2.228386696708404280e-01
2.968875141103533011e-02 3.103411415013630492e-01
2.628042614546866051e-02 3.175553193641081906e-01
1.277266983681735191e-02 3.547959031717403677e-01
2.352127309246931919e-02 3.239364063908061198e-01
2.737139051500092624e-02 3.150364797826467056e-01
1.590922825798912754e-02 3.443558885558529736e-01
7.856432252598377630e-02 2.326065306247069309e-01
4.207665484512934650e-02 2.862504756790666960e-01
6.676404251418077695e-02 2.479195111380466665e-01
4.536586668007713818e-02 2.809085442638148411e-01
5.850959461878668666e-02 2.598952336750248726e-01
4.994240952938233669e-02 2.730243175289559510e-01
3.995217538178486016e-02 2.900396571805957668e-01
4.267057367349291752e-02 2.851992370903588814e-01
1.194884055745543128e-01 1.867294369990707414e-01
7.518617500137259047e-02 2.366458828930613212e-01
6.375887661831824982e-02 2.521290724071482137e-01
8.028723017109706817e-02 2.302418721482074604e-01
7.304102264752210250e-02 2.396034501608577116e-01
7.140009764115173851e-02 2.425654848442815315e-01
6.650250855954586982e-02 2.482890360633975835e-01
4.886298355037077545e-02 2.747602583520224462e-01
2.319226024073650638e-02 3.247752820982541255e-01
4.388592177812666861e-02 2.837884740831332353e-01
8.406802808235336322e-02 2.255582190525646791e-01
8.270464170696500972e-02 2.271976938519093547e-01
3.965063121432998994e-02 2.906016207536318285e-01
7.703764030869553192e-02 2.343293271873473360e-01
2.249662222969872616e-02 3.262999304324379901e-01
3.579565110841886888e-02 2.980006803037245078e-01
5.094259466158956862e-02 2.713995789020448024e-01
5.282392170469463188e-02 2.684084651173797020e-01
9.119021034222740685e-02 2.172645106222964584e-01
4.567367398651334121e-02 2.804901793085412542e-01
2.714687120953940269e-02 3.158551151094884935e-01
4.179335060308286831e-02 2.867992850667717697e-01
5.445031508217079708e-02 2.659172570317966944e-01
1.107187435296481670e-01 1.957224020575880630e-01
7.666017679488712488e-02 2.350514854583086732e-01
1.130910369604228860e-01 1.930894130924161178e-01
2.902001992905689498e-02 3.116159690443132124e-01
1.532110592159154905e-01 1.557918971637000105e-01
7.808032838090805949e-02 2.334633773243535160e-01
2.500636922610999235e-02 3.204436249547457649e-01
2.175689701530780784e-02 3.282538718433676284e-01
6.112032217948726309e-02 2.559394028010418820e-01
2.522779904590444211e-02 3.198481624311866334e-01
1.898418409313518129e-02 3.353914493837988342e-01
3.065942247909658747e-02 3.080767619076806296e-01
1.045164475655302461e-02 3.628667712431808967e-01
4.499361476515684188e-02 2.814151523595720406e-01
2.806107462673002040e-02 3.135480389337494955e-01
6.323684953702546352e-02 2.528668547257384436e-01
5.795238277327985355e-02 2.607250523992993285e-01
3.981977815650872277e-02 2.903030293684378815e-01
4.955134247522885449e-02 2.736497223234277687e-01
2.377385581986057872e-02 3.233317935879908012e-01
3.521291586167607512e-02 2.989199893878925485e-01
3.810850388354714013e-02 2.934311156821403088e-01
7.494674695244663010e-02 2.369576229553693736e-01
7.277707228990215604e-02 2.404757230430264459e-01
1.543118631583495493e-02 3.457656939917358452e-01
8.689644736730739449e-02 2.222026755360363426e-01
1.191646075893226797e-01 1.869439148453787558e-01
1.189391013125026264e-01 1.873547669902346779e-01
4.218456656993740950e-02 2.860539922647130640e-01
3.503458667620107381e-02 2.992871578241214081e-01
2.508769069332617008e-02 3.202264374284573556e-01
4.750631882111377990e-02 2.773347891265294241e-01
6.135527927750028532e-02 2.556614102830082613e-01
7.925180664917375051e-02 2.318993801708982838e-01
2.978516957035548529e-02 3.101359533866695495e-01
3.806820515634079527e-02 2.943007513907323069e-01
6.103305283667126435e-02 2.568706144345157538e-01
6.482510924040341127e-02 2.506209564485395447e-01
1.705192646954878377e-02 3.415423703086493123e-01
6.654878482316473054e-02 2.482563912801090122e-01
6.461427659641105770e-02 2.509229332384418365e-01
3.197035948073578826e-02 3.055362903907148375e-01
2.326978560319881151e-02 3.244201057536405530e-01
6.294560351261324627e-02 2.533064058907696925e-01
3.993711358411855539e-02 2.900811928586065624e-01
