9.556137917857792985e+00 9.569277226479520948e+00
1.332821863926604289e+00 1.431783941318259812e+00
9.056137917857792985e+00 9.069277226479520948e+00
1.215218769200697269e+00 1.180587994850347489e+00
4.585308731939448990e+00 4.512032049475868334e+00
8.628031558697827563e+00 8.637706111667924347e+00
2.498857789512004768e+00 2.428487526271757346e+00
1.715218769200697269e+00 1.639411504746329129e+00
2.825580564915767479e+00 2.838436647487531328e+00
2.215218769200697047e+00 2.139411504746329129e+00
5.739447522646799804e+00 5.775650829031457434e+00
3.325580564915767479e+00 3.338436647487531328e+00
2.715218769200697047e+00 2.639411504746329129e+00
3.825580564915767479e+00 3.838436647487531328e+00
5.696961999445879776e+00 5.696028093432010664e+00
5.915581500009529314e+00 5.919574281737562060e+00
4.325580564915767923e+00 4.338436647487531772e+00
3.715218769200697047e+00 3.639411504746329129e+00
6.732139488042786724e+00 6.745879742258636291e+00
5.717775171346072050e+00 5.722168608474428986e+00
6.515723160810845016e+00 6.512645776847886481e+00
4.749472198902275899e+00 4.746994102766300294e+00
4.215218769200697047e+00 4.139411504746329129e+00
4.782454988733197077e+00 4.791930652312405670e+00
5.120087976679339903e+00 5.091541776740206693e+00
6.280195755017023096e+00 6.279450064462192671e+00
4.989741289625692744e+00 4.986232620403283633e+00
5.415140665487487404e+00 5.365149046519141152e+00
5.880693433879010890e+00 5.861718854219233776e+00
4.628751370739824900e+00 4.622091788006268409e+00
5.240653152918949509e+00 5.268125050290970890e+00
5.013772086021446306e+00 5.038493115465503713e+00
6.083420838808162756e+00 6.080729448927387537e+00
5.724494875439992470e+00 5.728426806936579574e+00
4.633136884778706666e+00 4.635210196256206672e+00
5.791428161671678509e+00 5.808671473991140921e+00
4.951006846845423581e+00 4.976502831486373069e+00
4.754664607066339421e+00 4.771256338031032662e+00
4.760020219770940919e+00 4.794661491121632757e+00
4.695792182610835752e+00 4.660958549917428861e+00
6.281170509985839701e+00 6.302070158040547376e+00
5.892594310202276198e+00 5.905001808010817754e+00
4.480398620083993144e+00 4.489414037314793937e+00
5.049381038228179186e+00 5.101114293185731619e+00
4.712412408576495793e+00 4.712799293968255476e+00
5.163103349075750970e+00 5.204437633423354193e+00
6.370079629081767614e+00 6.367224765839953449e+00
4.852796560868978482e+00 4.863795321805760352e+00
6.219110183871851660e+00 6.206690304808601510e+00
6.604859861171223478e+00 6.614698170933115406e+00
4.575102696583667417e+00 4.561830194703485830e+00
6.278840390211083644e+00 6.279423893669563661e+00
6.364959032864716093e+00 6.346697292896514853e+00
5.539168778686929251e+00 5.520642906116055570e+00
5.921657965297312032e+00 5.945503452804609346e+00
6.389514378738637035e+00 6.398607499655566855e+00
7.467786717347729919e+00 7.459321482185531593e+00
5.140742700401779608e+00 5.188233787375374106e+00
4.603317461029612367e+00 4.576685731063188101e+00
6.552888252875821884e+00 6.542961073027270480e+00
7.596390520825377912e+00 7.587995208987979190e+00
3.762013190947242069e+00 3.705673981995041721e+00
5.606487178575644492e+00 5.594850059567367140e+00
4.854864253948207420e+00 4.819929505043509366e+00
6.383827272958146004e+00 6.367399540565704896e+00
6.757753737620483037e+00 6.757389275166308273e+00
4.262013190947241625e+00 4.205673981995041721e+00
5.822086412959166069e+00 5.811039876904243506e+00
5.354864253948207420e+00 5.319929505043509366e+00
5.849876784940690300e+00 5.848426652697364503e+00
6.739643494193643392e+00 6.719427148976259367e+00
6.585132507429720228e+00 6.586571161047968914e+00
6.476141101738663863e+00 6.479870460602844773e+00
5.887426493085253121e+00 5.893997966205780870e+00
7.129553326024065996e+00 7.118384589108565308e+00
6.536221378149763339e+00 6.554890735934591817e+00
5.815244081909304974e+00 5.844415555459129941e+00
5.778929385264059526e+00 5.810708299730534598e+00
6.901325004654829343e+00 6.898681993277087976e+00
7.450726779352285334e+00 7.464523481971149899e+00
5.516448860125823472e+00 5.497812828639156990e+00
7.043126359687287952e+00 7.020942999541828655e+00
6.880096189345257685e+00 6.888027893342862029e+00
7.063938544861806612e+00 7.055344477044018348e+00
7.389547733893150117e+00 7.376038207638351274e+00
6.577231552559254624e+00 6.572430085370150721e+00
7.250978404774930830e+00 7.233788191541093759e+00
7.167715936712882652e+00 7.170378593557547475e+00
6.439224906199330078e+00 6.418249556603447203e+00
7.066418994620950578e+00 7.052321775404124082e+00
6.656376605751249897e+00 6.656578406321586705e+00
5.583744533865236725e+00 5.577405855391191380e+00
6.909309664450011823e+00 6.887822513453263795e+00
8.126425891255372846e+00 8.125861585688825883e+00
6.933267588737659359e+00 6.953741571834244795e+00
6.312703743545230672e+00 6.332930833441803742e+00
5.808468362269453955e+00 5.777912194342228247e+00
8.209253992343869655e+00 8.210367670906553172e+00
6.842205565108941734e+00 6.853312203459350549e+00
7.870029544683608158e+00 7.860224675523395987e+00
6.087764428152994789e+00 6.093055737796978732e+00
8.528587273236146515e+00 8.527472668699383362e+00
6.725446264099370630e+00 6.735970596178926684e+00
7.997251221057663173e+00 8.007210078065664760e+00
5.664252324457461185e+00 5.644201592388314204e+00
7.340215958702025034e+00 7.335029819748379865e+00
7.311700309221090599e+00 7.292384776706325233e+00
6.058133103176023937e+00 6.059729061476156531e+00
7.284697850103392547e+00 7.293921218402942053e+00
6.827021680237118417e+00 6.823608303431148769e+00
8.254402873510192862e+00 8.236496103239899114e+00
7.940231908317435305e+00 7.929175823153455482e+00
7.714838651550761206e+00 7.724839920253526948e+00
5.903479366143122853e+00 5.890683638214985862e+00
8.412347264976514083e+00 8.435323573164049904e+00
8.061079560168765923e+00 8.049824801139964237e+00
7.246054841916398814e+00 7.228320771539574530e+00
6.538280278139421142e+00 6.532652400043355456e+00
7.253484845669064818e+00 7.268077556969281261e+00
8.093233171574777174e+00 8.084889143090247643e+00
8.381491832302128131e+00 8.413948026693821802e+00
5.956426351095510441e+00 5.953971621302580175e+00
8.139893860411744342e+00 8.140715232961602155e+00
7.431272522037640549e+00 7.441193431166474248e+00
6.864483294160026894e+00 6.857687894783860649e+00
5.199227820413656609e+00 5.147690845264233594e+00
6.936353706127066587e+00 6.919471828611837516e+00
6.905514814931899892e+00 6.907494498616029155e+00
7.601284760421405551e+00 7.598237863107602408e+00
6.089745677907679067e+00 6.066882527334044539e+00
6.790133276227073189e+00 6.783577207596350966e+00
6.367283948412292283e+00 6.349924544840666485e+00
7.038280278139421142e+00 7.032652400043355456e+00
5.699849418564209458e+00 5.690317489605782875e+00
7.225857244941983559e+00 7.222226668401251715e+00
7.899008399582182705e+00 7.907605641171238986e+00
6.903711177074443484e+00 6.899740079311628804e+00
5.981157634606282691e+00 5.973732903547075423e+00
5.757133581619381602e+00 5.778285760462694931e+00
7.657063965588744026e+00 7.649070989443913504e+00
8.231751160370880172e+00 8.230342413209459806e+00
6.846399266075296808e+00 6.852477652251949714e+00
7.093184520640444468e+00 7.092563511530164178e+00
6.310911376183304888e+00 6.287515958094613389e+00
7.110052723397560115e+00 7.091640639478915098e+00
7.917095567141373635e+00 7.904671969074743565e+00
7.000709109075902603e+00 6.984861310105340948e+00
7.009549610039940148e+00 6.997411568110298852e+00
6.540614991216195939e+00 6.533097475162369605e+00
5.907007116387210210e+00 5.899932662018588125e+00
8.038961437055217374e+00 8.045237453586995713e+00
7.291619518113269471e+00 7.276541913500282455e+00
7.225414595889750657e+00 7.225050663240103255e+00
6.461149211124405767e+00 6.465003495987672544e+00
8.023776591302608452e+00 8.021660309662554056e+00
5.798406334150773667e+00 5.772693189497008603e+00
6.200078891708961315e+00 6.190913518570081209e+00
6.547390738110279607e+00 6.549589742187198027e+00
7.612270865682665644e+00 7.613287543640112176e+00
8.174615474589922215e+00 8.169811594575628888e+00
6.780892567283494543e+00 6.771978533882295537e+00
7.013032121543151476e+00 6.999869364595861398e+00
7.362317723859278296e+00 7.380988018422834251e+00
6.185256675157299711e+00 6.200329769819838077e+00
8.075891643215742377e+00 8.066712467745812631e+00
8.018605007712562127e+00 8.014804223488054546e+00
6.691181683003920355e+00 6.663224661814180827e+00
6.680984678188704784e+00 6.683126361740635346e+00
6.824943448443465677e+00 6.827047079710061972e+00
7.927612723298164354e+00 7.926037396329156159e+00
8.091409469125128595e+00 8.087834179907089194e+00
5.896412304331432708e+00 5.879933990977537661e+00
7.345556511682087120e+00 7.340130367153220092e+00
8.009511304161879508e+00 8.015832501395113496e+00
7.917875713722627218e+00 7.928863702473376129e+00
7.144290660569986073e+00 7.144983536919684575e+00
5.942708678443398007e+00 5.929153525779814693e+00
6.565783539114002920e+00 6.549192170420057302e+00
7.494544921729502818e+00 7.490494617550456091e+00
6.698255896510200813e+00 6.700243451859817512e+00
6.658802501997812762e+00 6.665844662036286117e+00
7.702790415455934792e+00 7.692143265103434935e+00
6.851784915752697991e+00 6.860722353063568590e+00
5.793976184421877562e+00 5.771396631908481289e+00
5.874175834099447435e+00 5.879788334548092799e+00
7.157582750835126184e+00 7.149646397390442054e+00
6.385728811683352824e+00 6.372479243796186132e+00
6.580891373666787558e+00 6.581478925130613611e+00
7.910469251338832386e+00 7.915338959792855178e+00
8.195064461859429272e+00 8.190394627714653097e+00
8.664212982485844705e+00 8.653020837656482556e+00
8.260782086654918643e+00 8.254000585525597344e+00
8.354221784465774903e+00 8.360949392117785095e+00
7.000094410079225504e+00 6.996046087388057444e+00
7.247092815443987313e+00 7.257034817570392704e+00
7.600087786940060930e+00 7.597366513930674969e+00
7.010725982619645080e+00 7.006838338244464559e+00
8.301760744373469336e+00 8.316175316338373591e+00
6.776126298087651101e+00 6.756641167022636729e+00
7.405281224734579837e+00 7.413870764836415717e+00
7.315782405286606505e+00 7.307058692745147077e+00
8.336534768768578019e+00 8.349219428508455110e+00
7.871420437988720487e+00 7.874240622372068898e+00
6.782967226095239610e+00 6.773733345034802511e+00
6.364540815716896560e+00 6.341526984454830540e+00
7.450634796499788770e+00 7.443931822730252001e+00
6.838509514149750501e+00 6.826850948508758066e+00
8.314033331930129833e+00 8.309138687006283774e+00
7.942036222811412749e+00 7.945542853880079193e+00
6.607812071441881763e+00 6.621201975565171871e+00
6.698036127754893876e+00 6.717179343125642355e+00
7.847484472599362881e+00 7.845045122583168329e+00
7.335227823441322847e+00 7.339262437403712980e+00
7.849550178477393558e+00 7.857059147944808863e+00
5.837618699948986745e+00 5.836097360682454216e+00
7.615095364424114166e+00 7.616029875430208484e+00
5.951113236725180222e+00 5.936210939272857701e+00
6.635712206686914527e+00 6.648266481597373989e+00
8.057628512975151480e+00 8.069399991883447143e+00
8.173641737968187826e+00 8.180215348068507808e+00
8.745416425064346910e+00 8.767385291335273223e+00
8.280306870653729945e+00 8.273373343058462837e+00
8.137773946166875660e+00 8.137138028995110517e+00
8.587018149527533950e+00 8.602491595616356790e+00
6.798835293133588920e+00 6.814120766835873866e+00
7.680984678188704784e+00 7.683126361740635346e+00
7.061755426159720628e+00 7.060505014083110709e+00
7.589180367182993159e+00 7.603648799667381830e+00
7.262355162379567908e+00 7.252016564302794954e+00
7.472436169579490972e+00 7.467506079385374917e+00
7.742540738663121758e+00 7.742365261310196090e+00
7.664994594635839320e+00 7.665562385058650285e+00
6.020096193482348923e+00 6.007940067151097630e+00
6.874997136119737284e+00 6.873571091990455351e+00
7.129505103340626704e+00 7.131182602158341766e+00
6.762647177159005096e+00 6.771380820821217839e+00
6.917875713722627218e+00 6.928863702473376129e+00
6.958394829733512310e+00 6.985155836396858220e+00
7.068532733370529897e+00 7.065889099603673174e+00
7.499838134863803241e+00 7.496030821741372030e+00
8.285725596987251862e+00 8.294137387873119494e+00
7.632185248875467565e+00 7.652359849360372834e+00
6.692173368160052149e+00 6.684088388437261941e+00
6.712681350450818485e+00 6.718983770618248919e+00
7.752808964544091630e+00 7.749966573605148845e+00
6.839285598391169785e+00 6.831788175271371166e+00
8.315237033989614446e+00 8.312409455015353998e+00
7.863403641425678714e+00 7.874068490553151278e+00
7.442036222811412749e+00 7.445542853880079193e+00
7.396253146172256265e+00 7.394720071774234071e+00
6.539360476450180037e+00 6.554750426061847435e+00
7.597871525651038738e+00 7.581410571437365853e+00
8.144095333345044097e+00 8.156200293956889169e+00
7.693603632746627952e+00 7.687958133807822669e+00
7.352575299352005267e+00 7.357681144412102192e+00
6.180841869313334236e+00 6.166337238655629882e+00
6.855190620197513240e+00 6.839537276689590328e+00
6.130224914419499349e+00 6.124462568169649401e+00
8.079458449279773191e+00 8.087823045162975788e+00
5.451113236725180222e+00 5.436210939272857701e+00
6.810240691238078625e+00 6.830912130770935065e+00
8.219048294614211159e+00 8.225336475267315706e+00
8.340223426917683369e+00 8.348328292861181055e+00
7.195064461859429272e+00 7.190394627714653097e+00
8.213585487100624860e+00 8.212227171185590535e+00
8.460104894922217511e+00 8.450959084800491183e+00
8.025315161265519137e+00 8.030655188677776835e+00
8.870167218409967802e+00 8.892403921501530917e+00
7.610408352572799906e+00 7.598820554024180218e+00
8.112611332475600179e+00 8.115534733373138465e+00
7.142380766517872459e+00 7.142517116089441842e+00
7.275866876578182207e+00 7.265532129699384001e+00
7.744835425851014143e+00 7.748425660856837816e+00
7.477815793746174222e+00 7.482285626457737315e+00
8.270757831627689072e+00 8.264016833233574388e+00
7.881974148281024384e+00 7.884848740889359497e+00
7.795160950141769796e+00 7.797587188033163308e+00
6.878639467413603548e+00 6.880321193594769014e+00
6.925920775341528390e+00 6.948786314948811160e+00
8.608861051360932493e+00 8.624416902038760213e+00
6.625813264456130725e+00 6.636698340032604726e+00
6.015056703737081456e+00 6.020979797366649677e+00
6.032643321752517274e+00 6.017519844485172520e+00
7.678418454187227127e+00 7.679429237671159036e+00
7.886998521468450818e+00 7.891423785208620423e+00
8.216230821969231712e+00 8.221379024384104284e+00
7.546541714301744364e+00 7.531616685972442049e+00
7.192173368160052149e+00 7.184088388437261941e+00
6.784909636995966054e+00 6.804006741829747185e+00
8.066156744211717466e+00 8.054415984709564214e+00
7.820105257777721697e+00 7.799305905621477741e+00
7.219314301124464706e+00 7.195225516642164365e+00
7.105228834986496267e+00 7.105936320761367497e+00
8.560880161103062491e+00 8.540891827040017148e+00
7.069383040976612520e+00 7.063906448689784234e+00
7.111591697730967887e+00 7.109486861802277069e+00
7.992930319747995505e+00 7.982787475862616944e+00
8.284401414344007009e+00 8.284506131727640721e+00
7.147557722636038058e+00 7.151709576298637572e+00
7.744510582866122483e+00 7.741699966126230237e+00
